901131
1467974
4574073
5227148
5386842
8205880
10399731
11306583
12081388
15407377
16971829
18478455
19854442
24292978
35574555
37419592
37424818
37817030
44822575
46111871
49036535
55847352
57442438
61327036
63544182
63722464
64802654
65810566
66168003
67753227
68083373
68259939
71656480
71675937
73605266
81267677
84191391
85358546
89670343
89848437
90458917
94412435
95214626
98768519
98979870
99341908
99682371
102568840
107708608
108113759
108127599
109319563
112320140
112724331
112834603
114992219
116096261
120879737
122758927
124532969
124747594
129162550
132094138
134083315
135165137
136418209
137528963
142531864
148435537
151567839
151868996
152895284
156255298
159355118
160622645
162141213
167319849
173842220
178523283
185100831
186776824
187122502
187232139
197070489
202309239
203106585
204466262
205046207
205112093
208637070
209389930
216355673
222032657
224207692
226331788
229285970
231627051
232433169
234670919
238912352
240526513
243841459
245365471
249897621
250599768
250685095
250923134
251943786
252940758
253569776
255974160
257017993
259189683
261746371
261977254
262989377
263891069
264680622
267300202
268646468
272034084
272152781
273623828
273863350
274590774
274688139
277049854
280954434
282955394
283505581
283591888
286243456
286605551
297055932
299193294
302219772
304624946
305712284
308656413
310540224
310721840
312801353
313476958
315173889
320168828
324680499
326510251
327379068
331977978
333783267
335480837
338283731
340323003
341515775
342526787
345981077
346879687
347220858
349415181
349491021
351696084
356056134
356194019
362355982
364692756
370771745
373511656
375479853
377069683
378563490
379394336
380946325
381547976
381774025
386505742
394687628
395971868
404739369
405728067
425338335
430064911
435962768
436703458
437335805
438557353
440774271
441600189
448154469
448798430
454441648
464223808
466398205
469613361
469757314
470065725
470624749
472480030
472532854
475482770
477331223
479498585
482752978
483261607
486836831
487202243
488650018
490082502
490193708
490817308
491160950
494031573
494667954
495161821
497861395
500352661
502335298
504986212
505240932
508820730
510176047
511054806
515731255
517375504
517596473
527454603
529263814
533884734
537831658
538151502
540699266
543843539
547144233
547590681
552119216
554704518
558170097
559015568
562845117
570106812
571936976
574672995
575037327
575922665
576514717
578666777
580703179
581571176
582176496
584633845
589775792
590728106
591016640
592884912
605648005
608138573
609057056
610678119
612183520
618863328
619824754
621187771
627586692
630075029
633230190
633430942
633641329
634825309
636605144
636759986
636920410
639994814
640527147
642251415
643170465
644065989
644738256
646009254
648158000
648682351
649037453
650712167
651181136
652244776
652286816
652324698
656362113
657208930
658211020
659128294
659168738
662454354
666726101
666872340
667202308
669620896
670967251
671801775
673129164
673683087
675014060
675964446
678593720
679676048
680803097
686117640
687147803
689775461
694476461
696074093
697506954
697860350
697869496
701326156
701723756
702976550
705339622
705800531
705969311
706502854
710814978
713504475
715498209
718953384
722135982
722627795
726165838
727026780
729603106
732488095
735879776
737872917
739577990
741581082
747514914
748165685
748273958
751987148
753744977
754186636
758614675
764850908
765405729
765824858
767222800
773765562
774947877
777406198
778530170
780504326
785832457
786618839
786640573
787951825
789189809
790730401
791369866
795663955
795766705
796039845
796130188
802631108
803273373
804499265
806419375
807267097
807948948
808168210
808929506
809556680
809755716
810960092
811922109
813728310
817354383
818458250
821074393
822874978
823428362
825214425
825295912
831516268
832319292
832823580
834408258
834484041
835936497
837070062
837928533
838457193
841015321
841071521
842121473
846746346
847038539
856636231
860265829
863864731
865976127
866072804
866340019
868588145
869224622
869555538
869778094
870168358
871487824
876465051
877082448
878699253
881327143
882517541
883598911
884561789
888778123
894621009
899935880
903956200
908949676
910808556
911456609
913513895
915721222
919689620
919817227
920066625
921712014
921971151
924685436
925961225
929385378
935673817
937390605
938365241
938760297
939206756
946125796
947166083
948591470
951243378
951955276
952188170
953360513
955905762
956076864
960434691
963279782
966743585
968466504
969436646
969464834
970549178
972423291
973892460
974574084
974724451
980848783
981794889
986378595
986853154
988015639
988562453
990922658
991834501
992991489
998521157
1002358316
1002558373
1008494892
1010064961
1011947317
1012343524
1013829859
1015157133
1015776423
1022296373
1022551088
1024646308
1024665497
1025924885
1030718373
1031332812
1032008740
1032694706
1032886631
1033203356
1038363045
1044106512
1048291572
1048678460
1049373749
1052550887
1063526948
1067900366
1075480543
1077074996
1079460614
1079887252
1082297629
1082560090
1082775416
1082941856
1087437696
1089167488
1091448652
1092015480
1093225528
1093450564
1106948387
1111703535
1112372850
1114782523
1121120279
1126865888
1127290847
1130998795
1134682602
1135291053
1135427953
1136571753
1143093110
1144607969
1148057908
1149758408
1150157927
1153452782
1155690986
1157541461
1159760319
1165935835
1166434274
1168055384
1169506730
1170156229
1170803010
1174664479
1178166779
1181355639
1184542449
1193128336
1193637077
1194644863
1198807976
1198891721
1199770088
1204601604
1208596222
1208771585
1209465200
1211207450
1213380587
1214230869
1214406930
1218638811
1223096540
1226509633
1228145054
1230388961
1233687863
1234768457
1235878635
1236201285
1239128470
1239612969
1240743982
1244120323
1245096622
1245701586
1247765399
1250640734
1258315890
1263273827
1264572950
1265697945
1269639711
1271061958
1271217315
1273009679
1273772860
1274770243
1278970155
1282042908
1282105623
1282806412
1283955705
1284422287
1284714897
1289739047
1290137875
1294253232
1294366490
1299478980
1300248148
1301891666
1303143177
1308623184
1309622014
1322323882
1323356408
1325128740
1331834356
1333239329
1334556567
1335582100
1339163330
1346303804
1350253657
1352435623
1355238090
1360682406
1360778325
1362995014
1364554611
1369253868
1372711014
1377448495
1378373419
1379895993
1384171289
1384652117
1387544629
1389745468
1392439095
1393515214
1397880826
1399465141
1399987907
1403091596
1404613930
1406515471
1407589760
1411865251
1416819000
1417289691
1421048851
1423315750
1425449088
1425993266
1428690046
1429246823
1435166802
1435992158
1436166339
1442132318
1443246834
1447559978
1450031401
1455777628
1457807898
1460333683
1460543791
1461388647
1465441107
1466991355
1469735411
1470897661
1471755824
1473541848
1474636235
1475630718
1476356303
1478519958
1484064702
1487547584
1488575146
1491409598
1498185204
1505006072
1508466336
1513112578
1516652260
1518574266
1519656187
1521604773
1522301974
1524446124
1524528239
1527744699
1528393218
1529302419
1533290066
1534239995
1534339931
1538608417
1544268714
1549253236
1550884234
1551167854
1551860456
1551987576
1553342528
1557750305
1561434861
1566435860
1570633813
1571011708
1572614041
1575389292
1576458023
1577524361
1582007363
1582393257
1583304335
1587582161
1587687217
1591188276
1598065493
1598187887
1598842271
1605472413
1606903910
1610887910
1614199039
1618005681
1618144653
1618854550
1626730968
1628283429
1628606652
1628871767
1629404858
1633565158
1635072593
1637223880
1639496996
1639548973
1645556228
1645750707
1648185490
1655003933
1657270608
1657989732
1658248292
1664523740
1664678225
1665358305
1666087715
1668463197
1669621412
1670147167
1675064916
1675390138
1676087852
1676675776
1678791481
1678889862
1680714424
1681597054
1684896695
1687062311
1688877753
1691089941
1701967728
1702135803
1704239052
1704551379
1706095257
1708123271
1714088900
1717055651
1718143244
1720409718
1721916720
1726196128
1727005004
1728914375
1730454978
1730967886
1733511028
1734673270
1739095352
1740103433
1740398805
1740631913
1742442248
1742841973
1748125869
1748704217
1748710104
1748776519
1749908033
1749949318
1750943057
1752399120
1756268215
1759352744
1760503665
1766693771
1766732699
1769069289
1769630935
1770636966
1774402375
1774833973
1775386506
1776110703
1778048695
1778159011
1778606717
1780711840
1780952465
1787708887
1787870744
1791134232
1791221498
1793262904
1798847454
1801760996
1803138824
1807632628
1808739144
1809348081
1810891983
1813532426
1814202820
1814646418
1819801173
1819818495
1822819189
1823924052
1826749817
1828316816
1829036972
1832594625
1833328122
1833419821
1838328161
1838556584
1838974002
1840381264
1842971894
1844652294
1845532607
1852348718
1852483650
1858130995
1861781629
1863984418
1865893302
1867101947
1868733109
1876979844
1876981941
1886605634
1887360545
1888766558
1893551206
1896710173
1901682222
1903638081
1904935063
1906277283
1907884296
1910437631
1912785498
1915532998
1917276923
1930404864
1930895436
1931947926
1942627512
1943893037
1944938453
1945413700
1947740632
1947946167
1952963558
1953735969
1956513724
1961173955
1961346384
1966135049
1966251610
1967425790
1967495701
1968357273
1968639179
1968931638
1971895971
1973529283
1976840224
1977394800
1979841842
1981662846
1982851288
1983701457
1987005402
1987491033
1988425979
1994983348
1995262505
2000012487
2003112254
2010046170
2013945469
2014159712
2019041022
2019632520
2020558097
2021899489
2025009499
2026066874
2026102572
2026649354
2026685363
2027861179
2029785132
2030940489
2031808243
2036424966
2036769715
2038253141
2040439337
2040471226
2041831834
2043893696
2045607083
2051246182
2053092882
2054100682
2054548229
2056869183
2059524566
2060537911
2061135612
2062090525
2062668731
2063062033
2064091985
2064473026
2065440861
2065471647
2065826616
2067586632
2070454715
2071045504
2071932155
2072123367
2072764226
2076839025
2084365194
2084892862
2085253153
2087121914
2090858349
2092704709
2093659386
2094827127
2097338285
2097918747
2099648227
2102444026
2107763361
2112753224
2118514167
2120468907
2122647288
2124857854
2128380103
2128508755
2128873434
2128905084
2129593984
2131066151
2139185210
2140346881
2149154932
2161746783
2161944107
2165463666
2165600530
2170986041
2171558208
2171941398
2173055157
2174969601
2176987867
2178125044
2183494391
2184076963
2192484035
2196486490
2197521214
2198156269
2201498870
2206004674
2206384055
2208275091
2209988087
2211046199
2212571860
2218719460
2218858435
2219343484
2219369654
2222302129
2222630554
2227708485
2229531602
2233720381
2237478821
2243507899
2245163234
2246757593
2248278255
2252969692
2254424951
2261524488
2261879559
2266177450
2278344297
2285414940
2292900470
2294043792
2294391281
2294925419
2300184381
2302140850
2312255734
2313989587
2315031086
2317645657
2319154282
2320559198
2323306636
2328198343
2328841161
2338180309
2342064253
2343583090
2344473686
2348213646
2349258560
2350521303
2351949445
2355067521
2357561550
2357639879
2358726101
2363281405
2367836449
2368408826
2372378965
2377189356
2377276739
2381984560
2382684482
2385273800
2387015848
2387120463
2387518010
2388632927
2389206686
2389540344
2390342002
2390446285
2391872610
2393726367
2394498875
2396499449
2397612816
2401259175
2401440606
2405822964
2409142044
2410834900
2416066177
2416634944
2421450601
2421508787
2421749864
2424832927
2428791978
2429531536
2429759714
2432072474
2434579074
2435824205
2447422351
2448075087
2449419208
2459119363
2460128334
2463017208
2464361144
2471936136
2486966902
2491565755
2492537859
2493812013
2502235155
2502740469
2504525680
2509029261
2514654350
2514895188
2518517002
2521056545
2521812439
2522912266
2523734809
2525792942
2526432074
2529537476
2530306949
2530655490
2531383446
2532155582
2536618323
2540433003
2540748761
2542136434
2543576927
2543998663
2545472832
2546808876
2547202141
2548549761
2550015276
2552858495
2554047253
2556246618
2556648641
2557724395
2559897121
2560299915
2567939545
2569256361
2570120427
2571126782
2571687505
2581014163
2582186065
2583473634
2585758645
2586231580
2586330575
2594031855
2599292648
2602983420
2605928435
2610374272
2611318534
2618220512
2619915217
2622194976
2622274360
2622996158
2623503280
2625812799
2626564555
2628116385
2631545352
2634948051
2641291927
2642388817
2646030194
2647758188
2647800600
2647912303
2648172905
2648672354
2650832107
2652039792
2653177519
2653378218
2653824903
2653943679
2658588086
2659164726
2660724351
2661673252
2662242418
2664697664
2667720042
2671410985
2671681319
2679174216
2681217790
2681613160
2683444819
2687155716
2687842589
2688797070
2689159714
2689400777
2689965128
2690633034
2691351476
2691931167
2692409269
2694712523
2697332052
2699055082
2699177862
2700113255
2700585740
2702388337
2708156479
2709100895
2709144681
2709264310
2709475348
2710017077
2711552007
2712455117
2712817212
2713797275
2714609100
2717238315
2718910348
2719534922
2720295645
2722434733
2722754479
2726194057
2728706990
2728997457
2729668928
2739609664
2740225174
2740340893
2743280934
2745051509
2747291189
2748013062
2749077067
2750151596
2750583385
2755244910
2763707123
2764386165
2768534145
2768708080
2770800756
2770952912
2771105185
2771535088
2772283317
2773063314
2773485167
2776049543
2776982135
2778049582
2778486144
2780895621
2781776057
2783733378
2785695038
2788954372
2790073050
2790587229
2791231665
2791776716
2791830140
2794726735
2801755626
2806267762
2806421654
2806818683
2807535517
2810485747
2810819988
2812627273
2812682369
2815967311
2817231753
2817323231
2820056797
2821001538
2823263151
2823909236
2824374731
2825604742
2827854823
2837287020
2837348656
2841015960
2842203331
2842728715
2848387728
2848401436
2852270294
2858409371
2867924112
2869328419
2872172010
2872896884
2872973066
2873070237
2875081074
2877802971
2880473920
2882887152
2886334157
2888582833
2888643388
2888785620
2890569524
2890811241
2894614513
2897268138
2900190639
2903279060
2903308552
2904577845
2907706446
2912172145
2920249066
2921182327
2921882810
2924417943
2926594686
2928260805
2929002754
2929536579
2932128564
2932967508
2939104861
2945422134
2945655916
2946123406
2946778082
2947776656
2948366740
2949000259
2949780582
2950528086
2954610846
2958263731
2959761474
2961147772
2961599189
2961622462
2961792277
2967737354
2970230996
2975280929
2975709753
2977137571
2981933555
2982915313
2989554285
2991405086
2994232796
2995788840
2999499768
3001234094
3003733757
3004142342
3004159898
3005373193
3006844508
3006901490
3010639441
3014706073
3014912068
3020880955
3022120937
3024062291
3026910894
3027015600
3027437785
3027538535
3031501695
3031521625
3037351232
3039240368
3039256274
3045287741
3045896363
3046634084
3047598956
3050006937
3051175588
3052264125
3052652200
3054827759
3054858707
3057658304
3058784949
3062206537
3062404604
3064590399
3065169560
3069266605
3070120924
3070686737
3071967638
3074428464
3078635901
3081686832
3083022534
3088746705
3090561739
3090710199
3091374432
3091592317
3100133582
3100414340
3102687337
3102755072
3102881995
3106970577
3108556670
3119439730
3123376618
3126918617
3128017143
3129148431
3130016912
3135438475
3135851840
3137006856
3138754883
3139296851
3139327051
3141692223
3142723379
3142749346
3143087082
3146334782
3151537779
3153683209
3158423944
3159357080
3161130307
3162607489
3164039166
3164835846
3166949967
3168568807
3170402365
3171965603
3175859506
3178624817
3178666240
3181329992
3186690805
3188805245
3190499098
3191571862
3192024807
3195591977
3197525250
3200247275
3203058420
3204828404
3205284349
3207558152
3214134420
3215465145
3217967037
3218434727
3218811746
3219887308
3223776717
3224294600
3225596686
3226504446
3228931094
3229954523
3230981494
3233008246
3235191111
3236035882
3237220755
3238022998
3238512165
3240017378
3242302254
3244177510
3246415739
3248470919
3252134193
3253540153
3255940956
3258144193
3261410851
3261539662
3263470979
3264010054
3264285726
3268545971
3269620091
3272929618
3277173104
3278688836
3279732282
3279770360
3279924679
3281174076
3282778639
3283407547
3284977395
3286513131
3288684237
3290205597
3290509057
3291139264
3293279518
3296377273
3297414078
3299435066
3304655507
3306278636
3308104969
3308505462
3308837111
3311768566
3312276893
3315834022
3322584381
3322868467
3327184294
3335179667
3345001432
3345464116
3345997708
3346961328
3353741109
3354147074
3355722851
3356125904
3356731437
3357101917
3364685944
3364902837
3369994626
3371364130
3372715089
3373884813
3377078829
3378531173
3379709849
3380726920
3382962365
3387098732
3398770417
3402299099
3406528895
3409047699
3409730577
3411158292
3413348802
3415207163
3415309145
3417787752
3418073961
3419494475
3420359836
3420739541
3425561159
3430554083
3434211435
3434916326
3435516928
3436490776
3440136285
3442120382
3442748662
3445308157
3446849263
3452383260
3452452269
3452756559
3458820792
3462579886
3462735626
3466525354
3467874125
3470122179
3471016416
3471972920
3472183548
3473814115
3474982485
3475740991
3476944387
3478641879
3482374061
3484968165
3485311821
3486869014
3487338854
3489543694
3492498830
3492552922
3493421249
3496898039
3497524030
3499947028
3502146320
3503473488
3506415571
3508448157
3510575448
3511069028
3522115953
3525808156
3526032961
3526186391
3528289739
3530897706
3532742864
3533762209
3535135474
3537185444
3537568283
3539273172
3539958729
3540862196
3543942998
3549135558
3549541227
3551968197
3555596251
3555898869
3556552426
3556915358
3558086510
3558171726
3560994994
3562193600
3562205283
3563496201
3563670804
3564312980
3566570963
3567021143
3569645380
3574699627
3575417714
3582022326
3584707890
3586193047
3587282177
3588861874
3593376049
3597793302
3600741590
3603008855
3604445532
3605190527
3609735209
3616073097
3616490846
3616959581
3620902150
3622166978
3622616302
3624053353
3624148899
3627470373
3630481594
3633869430
3637580682
3641182681
3642721886
3643401535
3645418063
3647399860
3647866638
3651160200
3651896159
3652499882
3653525556
3653573792
3654723206
3655990353
3657054870
3657338376
3659112191
3659417282
3664180020
3667640978
3667712059
3670726201
3671979137
3672617847
3679058970
3679727245
3682588747
3684173949
3687546911
3689241493
3690086190
3696942470
3697593248
3701767201
3703625185
3707271847
3707490355
3714607961
3715166733
3715181313
3715692175
3716132451
3718105622
3718132040
3726492917
3727639672
3730756014
3735563944
3738769609
3741687649
3743367272
3749996708
3755221644
3765584338
3766272300
3768063690
3770384661
3772665907
3772717480
3778063713
3781476103
3781769954
3782746798
3783905292
3785238033
3788651393
3794845716
3797497711
3799184273
3800064298
3800303899
3804079780
3804316454
3806340129
3807230254
3807739776
3807834862
3808435811
3808940990
3809602902
3810605646
3812028872
3813169802
3815035637
3816588060
3818356744
3818874574
3821809684
3821991642
3825527376
3830615915
3831962719
3832002299
3836643051
3837475250
3841811151
3847133123
3848762054
3853590431
3853707606
3855589574
3859703115
3860174242
3861133405
3864361465
3866271957
3868366885
3870815122
3873147349
3874475128
3875133662
3880759262
3883200598
3884142347
3891600729
3894829292
3897846914
3899531044
3901034100
3903534459
3907452006
3913463671
3913824845
3918218964
3919059713
3923588141
3923958527
3928501512
3928566886
3929923519
3933899561
3935271588
3939923727
3945300598
3947303033
3948499841
3948951798
3955322558
3955646936
3956720026
3962558282
3963959473
3964793161
3970321635
3973730492
3974659679
3975102997
3976006610
3976203513
3976673621
3977092496
3977242500
3978178868
3978869732
3979257722
3980996780
3991616274
3993909461
3999592025
